432 434
434 484
440 533
448 582
463 632
490 673
527 706
577 729
628 734
675 727
715 701
749 666
773 623
785 574
791 524
797 475
798 428
466 412
490 386
526 376
563 384
598 398
645 394
680 380
715 375
748 386
770 412
623 422
624 452
625 481
625 512
591 534
606 541
623 546
640 542
656 537
520 426
538 416
559 416
576 428
558 431
537 432
668 428
687 417
708 419
725 429
709 435
688 434
560 604
583 594
605 590
624 596
643 590
664 596
687 607
665 617
644 621
624 623
603 621
582 617
569 606
605 605
624 608
643 605
678 606
643 601
623 603
604 601