572 478
581 536
594 592
607 647
623 700
652 751
693 793
744 826
806 832
867 821
917 788
958 743
988 693
999 638
1008 582
1018 522
1023 460
602 466
627 435
668 426
708 430
748 442
812 439
853 423
896 417
940 424
970 453
782 468
784 508
786 551
789 593
747 618
767 624
790 629
812 620
832 612
656 482
676 466
702 464
728 480
703 482
678 484
844 475
868 457
894 458
918 473
895 476
869 475
696 678
731 677
765 673
792 677
817 669
853 667
891 664
858 693
825 711
796 717
768 715
733 703
707 681
766 686
793 687
819 681
880 669
821 684
795 690
768 688