72 159
74 179
79 198
84 218
91 236
103 252
120 267
138 279
158 281
178 275
194 261
208 245
219 228
224 208
226 187
229 167
230 146
77 149
86 139
100 136
115 138
129 142
157 140
172 135
188 131
204 131
217 139
145 156
145 170
146 184
146 199
134 207
141 209
148 211
156 207
163 204
95 160
104 154
115 154
125 161
115 164
104 164
168 158
177 149
188 148
198 153
190 158
179 159
122 231
133 227
143 224
151 225
159 222
170 223
184 223
173 233
162 240
153 242
145 242
134 239
128 232
144 231
151 231
160 229
178 225
161 229
152 231
144 231