152 215
155 246
161 278
168 310
179 339
197 365
220 385
245 401
276 404
306 397
333 377
357 354
373 325
384 293
388 260
391 228
393 195
161 205
172 187
194 183
216 186
238 194
285 191
307 183
329 178
351 181
367 196
261 210
262 234
262 257
263 281
240 290
251 293
265 297
279 292
293 288
190 214
203 207
218 206
231 214
217 217
202 219
299 211
311 202
326 201
340 207
327 213
312 214
226 324
242 323
257 321
270 323
282 319
299 319
320 317
301 332
285 339
271 342
258 342
242 338
232 326
257 328
270 328
283 326
313 319
284 327
270 330
257 329