73 194
75 221
78 247
85 273
95 297
113 319
133 338
156 353
184 356
211 350
232 333
250 314
264 291
272 266
275 240
276 212
275 185
99 183
107 168
122 161
139 162
155 168
195 166
210 158
226 155
241 158
250 170
177 187
177 207
177 226
178 245
156 254
167 257
179 261
191 255
202 250
120 196
130 191
140 190
150 195
140 196
130 197
206 191
214 186
224 184
233 188
225 190
215 191
143 281
157 278
170 275
182 277
193 273
207 274
222 277
210 292
197 301
185 303
172 302
159 295
148 283
170 283
182 284
194 281
217 279
196 288
184 290
172 288