201 238
205 265
209 291
214 316
223 342
237 364
255 385
275 402
301 406
326 399
346 380
364 359
379 336
388 312
393 285
395 257
398 228
217 234
227 220
244 214
263 214
282 218
311 217
330 211
349 210
366 214
379 227
297 235
297 253
297 271
297 290
275 304
285 305
296 307
308 304
319 301
238 241
248 234
260 233
270 240
260 242
248 243
325 238
335 231
348 230
359 236
348 240
336 240
255 337
270 333
285 328
296 331
308 327
323 330
339 334
324 344
310 351
298 352
285 351
270 346
262 338
285 339
297 340
308 337
334 335
309 337
297 340
285 338