308 534
311 616
318 698
324 782
343 858
383 924
435 980
499 1029
572 1055
646 1040
718 996
782 944
834 882
864 810
881 730
900 651
914 569
345 477
390 450
447 447
503 460
554 487
667 495
721 477
777 471
833 484
875 520
607 546
604 597
601 648
599 698
541 726
567 737
595 751
624 744
651 737
412 530
450 516
490 522
520 554
482 552
443 547
695 571
729 545
769 547
804 570
769 578
731 576
454 802
504 782
555 777
594 789
633 782
680 794
725 821
678 882
627 908
584 911
542 901
492 865
472 807
552 812
592 818
631 817
707 823
628 866
588 869
547 861