301 167
300 199
302 231
305 264
312 296
329 324
349 347
373 366
404 372
438 367
469 351
497 329
518 303
528 271
532 238
536 205
537 173
319 149
332 135
353 129
374 132
393 142
427 143
450 136
473 135
495 141
510 158
408 162
406 183
404 204
402 226
377 237
390 242
404 247
419 243
433 238
341 163
353 156
367 157
379 168
366 169
352 168
442 170
456 161
470 161
482 169
471 173
456 173
350 269
370 265
389 264
405 267
421 264
444 267
467 271
445 293
423 300
405 301
388 299
369 289
357 271
389 271
405 273
421 272
460 273
422 288
405 290
389 287