318 576
328 653
344 729
354 804
372 875
418 933
478 977
542 1016
618 1024
691 1008
751 965
807 917
848 857
861 785
863 708
871 633
877 558
357 539
391 507
441 498
491 500
541 513
625 510
679 497
729 491
781 497
823 522
585 555
584 602
582 650
582 699
540 733
562 743
586 751
611 741
635 731
427 561
456 540
491 542
520 566
488 568
455 568
657 562
687 536
722 536
752 556
725 563
691 563
498 832
534 815
567 804
595 810
624 802
664 811
705 825
669 853
632 869
601 873
572 871
536 858
517 834
568 821
596 822
626 818
687 828
629 839
599 843
571 840