314 275
313 304
314 331
317 359
325 385
340 408
356 429
373 448
394 455
416 450
436 436
455 420
474 402
489 380
499 355
505 329
510 302
327 264
344 258
364 264
380 275
396 286
432 289
449 284
466 280
482 278
494 285
409 300
407 321
405 341
403 363
380 362
389 369
401 375
413 372
424 367
344 290
355 286
369 288
379 296
367 298
353 297
438 302
449 296
463 298
473 305
462 309
449 306
363 391
378 393
391 394
398 398
407 396
419 398
433 399
418 408
406 413
396 414
387 411
376 404
369 394
389 398
398 400
407 400
427 400
407 400
398 401
389 398