53 214
55 248
60 280
67 312
77 344
93 373
116 399
144 420
181 427
219 422
247 401
269 374
285 344
295 312
300 278
304 244
305 209
71 189
81 164
105 156
130 164
152 178
197 179
220 162
246 154
274 161
286 188
179 205
180 227
181 249
181 273
151 286
166 291
181 297
196 291
210 286
94 213
107 201
126 201
142 216
125 222
105 222
214 215
230 201
249 200
263 211
251 222
231 222
126 329
145 324
166 322
179 325
191 322
212 324
234 329
214 355
194 364
180 365
166 364
145 354
134 331
166 335
179 336
192 334
225 331
193 346
180 348
166 346