184 191
187 223
189 251
193 281
204 307
225 330
252 347
282 361
314 364
342 357
364 340
383 320
396 297
403 273
405 247
406 222
408 195
224 188
241 178
262 177
282 181
301 187
335 185
351 178
368 173
385 173
397 183
319 196
320 217
321 237
322 258
293 262
306 267
320 271
333 266
343 260
247 200
260 195
272 196
283 201
272 201
260 201
343 200
355 194
367 193
378 197
367 198
356 199
259 283
282 283
303 285
317 286
332 284
348 282
362 282
348 303
332 312
317 315
301 314
279 305
264 285
303 290
317 292
332 289
357 285
332 301
316 304
301 303